Gene	CHE_AS	CHE_IF	HKG_AS	HKG_IF	IND_AS	IND_IF	SWE_AS	SWE_IF	USA_AS	USA_IF
sul1	2 	3 	13 	15 	11 	125 	3 	2 	3 	13 
blaNPS-1	0 	0 	60 	113 	2 	9 	0 	0 	0 	0 
mph(E)	0 	55 	0 	2 	1 	18 	0 	8 	0 	85 
msr(E)	0 	48 	0 	1 	0 	16 	0 	6 	1 	64 
aph(6)-Id	1 	5 	3 	31 	7 	34 	1 	3 	0 	11 
aph(3'')-Ib	1 	7 	3 	29 	7 	32 	2 	3 	0 	10 
tet(Q)	0 	10 	0 	4 	0 	25 	0 	15 	0 	16 
aadA1	0 	6 	4 	5 	1 	38 	0 	0 	1 	8 
mef(A)	0 	1 	8 	3 	0 	21 	0 	24 	0 	2 
erm(F)	0 	8 	4 	0 	3 	30 	0 	5 	0 	10 
tet(C)	0 	0 	2 	3 	0 	45 	0 	2 	0 	2 
erm(B)	0 	8 	2 	5 	0 	0 	1 	28 	1 	10 
tet(39)	0 	11 	0 	0 	0 	1 	0 	6 	0 	37 
tet(A)	0 	1 	0 	5 	0 	45 	0 	0 	0 	2 
msr(D)	0 	3 	11 	1 	0 	14 	0 	24 	0 	0 
bla-A	0 	0 	1 	1 	1 	35 	1 	2 	0 	12 
sul2	0 	1 	8 	11 	5 	12 	1 	1 	4 	1 
qnrS2	0 	1 	15 	24 	0 	1 	1 	0 	0 	3 
tet(W)	0 	5 	1 	9 	1 	13 	0 	4 	0 	2 
aadA5	0 	6 	1 	3 	3 	19 	0 	2 	0 	0 
mef(J)	0 	1 	0 	0 	0 	0 	0 	33 	0 	0 
ere(A)	0 	0 	23 	5 	0 	5 	0 	0 	1 	0 
tmexC3	0 	0 	0 	1 	18 	12 	0 	0 	0 	0 
blaOXA-464	0 	2 	0 	0 	0 	7 	0 	7 	0 	15 
dfrA1	0 	0 	0 	0 	0 	29 	0 	0 	0 	0 
aadA2	0 	0 	3 	5 	0 	14 	0 	0 	1 	5 
mph(G)	0 	7 	2 	0 	0 	9 	0 	1 	0 	9 
cfxA6	0 	5 	1 	0 	0 	14 	0 	6 	0 	1 
cmlA5	0 	1 	0 	0 	0 	24 	0 	0 	0 	1 
mef(C)	0 	6 	1 	0 	0 	8 	0 	1 	0 	9 
mph(A)	0 	0 	0 	1 	0 	20 	0 	0 	1 	1 
tet(O)	0 	4 	1 	4 	0 	6 	1 	4 	0 	4 
blaOXA-10	0 	0 	1 	3 	0 	10 	0 	2 	0 	7 
aadS	0 	1 	1 	2 	1 	13 	1 	2 	0 	1 
blaMCA	0 	9 	0 	0 	0 	2 	0 	6 	0 	5 
lnu(D)	0 	0 	0 	0 	0 	3 	0 	18 	0 	1 
lnu(H)	1 	2 	5 	0 	0 	4 	1 	2 	0 	7 
toprJ1	0 	0 	1 	2 	13 	6 	0 	0 	0 	0 
ere(D)	0 	3 	1 	0 	0 	12 	0 	1 	0 	4 
blaRSD2-2	0 	0 	0 	0 	0 	20 	0 	0 	0 	0 
qnrVC4	0 	1 	1 	0 	0 	18 	0 	0 	0 	0 
arr-3	0 	0 	0 	0 	0 	17 	0 	0 	0 	1 
dfrA14	0 	1 	0 	1 	0 	15 	0 	0 	0 	0 
aac(6')-Ib-G	0 	0 	1 	1 	0 	14 	0 	0 	0 	1 
aadA27	0 	9 	0 	0 	0 	0 	0 	1 	0 	5 
tet(X2)	0 	3 	1 	0 	0 	3 	0 	2 	1 	5 
erm(X)	0 	0 	0 	1 	0 	13 	0 	0 	0 	0 
cfxA_fam	0 	2 	1 	1 	0 	7 	0 	2 	0 	2 
tet(40)	0 	1 	0 	5 	0 	6 	0 	1 	0 	0 
tmexD2	0 	0 	1 	1 	4 	8 	0 	0 	0 	0 
qnrVC1	0 	0 	6 	0 	1 	7 	0 	0 	0 	0 
tmexD3	0 	0 	0 	1 	10 	2 	0 	0 	0 	0 
mef(B)	0 	0 	1 	0 	0 	8 	0 	1 	0 	3 
catB3	0 	0 	0 	1 	1 	11 	0 	0 	0 	1 
blaOXA-17	0 	1 	2 	2 	0 	0 	0 	0 	0 	7 
lnu(C)	0 	1 	1 	7 	0 	1 	0 	0 	0 	1 
blaOXA-347	0 	0 	0 	1 	0 	8 	0 	0 	0 	3 
blaAER-1	1 	1 	1 	0 	0 	5 	0 	1 	1 	2 
lnu(AN2)	0 	4 	0 	3 	0 	0 	0 	2 	0 	3 
aac(6')-Ib-AKT	0 	1 	0 	1 	0 	7 	0 	2 	0 	1 
tet(M)	0 	0 	2 	0 	0 	5 	0 	1 	0 	1 
sul4	0 	0 	0 	0 	5 	5 	0 	0 	0 	0 
blaVEB-1	0 	0 	1 	0 	0 	9 	0 	0 	0 	0 
ant(2'')-Ia	0 	0 	0 	0 	0 	10 	0 	0 	0 	0 
dfrB5	0 	0 	0 	0 	0 	10 	0 	0 	0 	0 
cfxA3	0 	1 	0 	0 	0 	7 	0 	0 	0 	2 
catA16	0 	1 	1 	0 	0 	7 	0 	0 	0 	0 
tet(32)	0 	0 	0 	1 	0 	6 	0 	2 	0 	1 
lnu(F)	0 	0 	4 	0 	0 	4 	0 	0 	0 	0 
blaVEB-9	0 	0 	1 	1 	0 	7 	0 	0 	0 	0 
blaOXA-129	0 	0 	0 	0 	3 	1 	0 	0 	1 	2 
blaRCP	0 	4 	1 	1 	1 	1 	0 	0 	0 	0 
aadA22	0 	0 	0 	6 	0 	1 	0 	0 	0 	1 
aadA6	0 	4 	0 	1 	0 	0 	1 	2 	0 	1 
blaOXA-296	0 	5 	0 	0 	0 	0 	0 	3 	0 	0 
cfxA	0 	1 	0 	0 	0 	3 	0 	1 	0 	3 
blaGES-14	0 	1 	0 	1 	0 	4 	0 	0 	0 	1 
blaOXA-644	0 	5 	0 	0 	0 	0 	0 	1 	0 	2 
blaGES-13	0 	0 	0 	0 	0 	7 	0 	0 	0 	0 
dfrF	0 	2 	0 	0 	0 	0 	0 	2 	1 	3 
blaVEB-26	0 	0 	0 	0 	1 	7 	0 	0 	0 	0 
blaOXA-280	0 	2 	0 	0 	0 	1 	0 	0 	0 	4 
mef(En2)	0 	1 	0 	2 	0 	2 	0 	1 	0 	1 
blaVEB-3	0 	0 	1 	1 	0 	5 	0 	0 	0 	0 
aadA11	0 	1 	0 	1 	0 	0 	1 	0 	0 	2 
aph(3')-IIIa	0 	0 	0 	0 	0 	3 	0 	0 	0 	3 
nimE	0 	0 	0 	0 	0 	6 	0 	0 	0 	0 
erm(G)	0 	1 	1 	0 	0 	0 	0 	2 	0 	2 
blaMOX-9	0 	2 	0 	0 	0 	0 	0 	1 	0 	3 
blaOXA-824	0 	0 	0 	0 	0 	5 	0 	0 	0 	1 
arr-2	0 	0 	0 	0 	0 	6 	0 	0 	0 	0 
blaOXA-333	0 	4 	0 	0 	0 	0 	0 	0 	0 	2 
lnu(B)	0 	1 	0 	0 	0 	1 	0 	3 	0 	1 
blaOXA-211	0 	3 	0 	0 	0 	0 	0 	1 	0 	1 
blaOXA-796	0 	0 	0 	0 	0 	6 	0 	0 	0 	0 
cmlA	0 	0 	1 	0 	0 	5 	0 	0 	0 	0 
aadA10	0 	0 	0 	1 	1 	4 	0 	0 	0 	0 
blaOXA-732	0 	1 	0 	0 	0 	4 	0 	0 	0 	0 
aadE	0 	0 	0 	3 	0 	0 	0 	2 	0 	0 
blaOXA-643	0 	2 	0 	0 	0 	0 	0 	0 	0 	2 
ant(6)-Ia	0 	0 	1 	0 	0 	3 	0 	0 	0 	1 
blaOXA-118	0 	3 	0 	1 	0 	0 	0 	1 	0 	1 
cblA	0 	1 	0 	0 	0 	0 	0 	4 	0 	0 
blaOXA-2	0 	0 	0 	0 	0 	0 	2 	1 	0 	3 
blaCARB-4	0 	0 	0 	5 	0 	0 	0 	0 	0 	0 
dfrA40	0 	1 	0 	1 	0 	3 	0 	1 	0 	0 
ere(B)	0 	0 	2 	0 	0 	3 	0 	0 	0 	0 
blaPAU-1	0 	1 	0 	0 	0 	3 	0 	0 	0 	1 
catA13	0 	0 	0 	1 	0 	2 	0 	0 	0 	0 
blaBRO-2	0 	0 	1 	4 	0 	0 	0 	0 	0 	0 
blaGES-2	0 	0 	1 	0 	0 	3 	0 	0 	0 	0 
cmlA1	0 	0 	1 	1 	0 	3 	0 	0 	0 	0 
blaOXA-1108	0 	0 	0 	0 	0 	3 	0 	0 	0 	1 
blaOXA-652	0 	1 	0 	0 	0 	0 	0 	0 	0 	3 
sat4	0 	0 	0 	0 	0 	3 	0 	0 	0 	1 
tet(36)	0 	0 	1 	0 	0 	4 	0 	0 	0 	0 
blaOXA-921	0 	0 	0 	0 	0 	4 	0 	0 	0 	0 
blaOXA-101	0 	0 	0 	0 	0 	4 	0 	0 	0 	0 
floR	0 	0 	1 	3 	0 	0 	0 	0 	0 	0 
cfxA2	0 	1 	0 	0 	0 	2 	0 	1 	0 	0 
blaVEB-20	0 	0 	0 	0 	0 	4 	0 	0 	0 	0 
blaOXA-1159	0 	0 	0 	1 	0 	3 	0 	0 	0 	1 
blaGES-17	0 	0 	0 	0 	0 	4 	0 	0 	0 	0 
blaOXA-205	1 	1 	0 	2 	0 	0 	0 	0 	0 	0 
blaOXA-392	0 	0 	0 	0 	0 	3 	0 	1 	0 	1 
tet(44)	0 	0 	2 	1 	0 	1 	0 	0 	0 	0 
blaOXA-1041	0 	2 	0 	0 	0 	0 	0 	2 	0 	0 
blaVEB-14	0 	0 	0 	0 	0 	3 	0 	0 	0 	0 
cfxA4	0 	0 	0 	0 	0 	1 	0 	0 	0 	2 
blaRSD2-1	0 	0 	0 	0 	0 	4 	0 	0 	0 	0 
aac(6')-Ib'	0 	0 	0 	1 	0 	2 	0 	0 	0 	1 
tet(G)	0 	0 	0 	2 	1 	0 	0 	1 	0 	0 
qnrVC5	0 	0 	2 	0 	0 	1 	0 	0 	0 	0 
blaVEB-13	0 	0 	1 	0 	0 	3 	0 	0 	0 	0 
blaOXA-119	0 	1 	0 	0 	0 	0 	1 	2 	0 	0 
blaOXA-1172	0 	0 	0 	0 	0 	1 	0 	0 	0 	3 
erm(T)	0 	0 	1 	1 	0 	1 	0 	0 	0 	0 
blaVEB-12	0 	0 	0 	0 	0 	3 	0 	0 	0 	0 
aph(2'')-Ii	0 	1 	0 	1 	0 	1 	0 	0 	0 	1 
blaBES-1	0 	0 	0 	0 	0 	3 	0 	0 	0 	0 
blaOXA-142	0 	0 	0 	1 	0 	1 	0 	0 	0 	1 
dfrA44	0 	1 	0 	0 	0 	0 	0 	1 	0 	1 
sul3	0 	1 	0 	1 	0 	2 	0 	0 	0 	0 
lsa(E)	0 	0 	0 	0 	0 	0 	0 	2 	0 	1 
blaVEB-11	0 	0 	0 	0 	0 	3 	0 	0 	0 	0 
catB8	0 	0 	0 	0 	0 	2 	0 	0 	0 	1 
dfrA15	0 	0 	0 	0 	0 	3 	0 	0 	0 	0 
blaRATA-2	0 	0 	1 	0 	1 	1 	1 	0 	0 	0 
blaOXA-164	0 	2 	0 	0 	0 	1 	0 	0 	0 	0 
tetA(P)	0 	0 	0 	0 	0 	2 	0 	0 	1 	0 
blaACI-1	0 	0 	0 	1 	0 	1 	0 	0 	0 	1 
blaCARB-2	0 	0 	3 	0 	0 	0 	0 	0 	0 	0 
aac(3)-I	0 	2 	0 	0 	0 	0 	0 	0 	0 	0 
blaOXA-161	0 	0 	0 	0 	0 	0 	1 	0 	0 	2 
qnrB4	0 	0 	0 	0 	0 	3 	0 	0 	0 	0 
blaOXA-11	0 	0 	0 	1 	0 	1 	0 	1 	0 	0 
blaOXA-1016	0 	0 	0 	0 	0 	0 	1 	0 	0 	1 
blaIMP-7	0 	0 	3 	0 	0 	0 	0 	0 	0 	0 
dfrA17	0 	0 	0 	1 	0 	1 	0 	0 	0 	0 
aac(6')-Il	0 	0 	0 	0 	0 	3 	0 	0 	0 	0 
blaCMY-107	0 	0 	0 	0 	0 	3 	0 	0 	0 	0 
blaGES-33	0 	0 	0 	0 	0 	3 	0 	0 	0 	0 
blaRSA1	0 	0 	0 	0 	0 	3 	0 	0 	0 	0 
catB11	0 	0 	1 	0 	0 	1 	0 	0 	0 	0 
blaOXA-246	0 	1 	0 	0 	0 	1 	0 	0 	0 	1 
tet(E)	0 	0 	0 	0 	0 	1 	0 	0 	1 	0 
dfrA3	0 	0 	0 	0 	0 	3 	0 	0 	0 	0 
dfrB3	1 	0 	0 	0 	0 	0 	1 	0 	0 	0 
tet(S)	0 	0 	0 	0 	0 	2 	0 	0 	0 	0 
estT	0 	0 	0 	0 	0 	1 	0 	1 	0 	0 
blaGES-1	0 	0 	0 	1 	0 	1 	0 	0 	0 	0 
blaOXA-4	0 	0 	0 	0 	0 	1 	1 	0 	0 	0 
aad9	0 	0 	0 	0 	0 	0 	0 	1 	0 	1 
blaRSA1-1	0 	0 	0 	0 	0 	2 	0 	0 	0 	0 
blaGES-20	0 	0 	0 	0 	0 	2 	0 	0 	0 	0 
blaOXA-650	0 	2 	0 	0 	0 	0 	0 	0 	0 	1 
blaCMY-130	0 	0 	0 	0 	0 	2 	0 	0 	0 	0 
blaOXA-1148	0 	0 	1 	0 	0 	1 	0 	0 	0 	0 
blaVEB-15	0 	0 	1 	0 	0 	1 	0 	0 	0 	0 
blaCMY-173	0 	0 	0 	0 	0 	2 	0 	0 	0 	0 
fosA	0 	0 	0 	1 	0 	0 	0 	0 	0 	1 
blaOXA-1044	0 	1 	0 	0 	0 	0 	0 	0 	0 	1 
blaOXA-498	0 	2 	0 	0 	0 	0 	0 	0 	0 	0 
dfrA41	0 	1 	0 	0 	0 	0 	0 	1 	0 	0 
aac(3)-If	0 	0 	1 	1 	0 	0 	0 	0 	0 	0 
toprJ2	0 	0 	0 	0 	1 	1 	0 	0 	0 	0 
aadA13	0 	1 	0 	0 	0 	0 	0 	1 	0 	0 
blaVEB-16	0 	0 	0 	1 	0 	1 	0 	0 	0 	0 
blaTEM-1	0 	0 	0 	1 	0 	1 	0 	0 	0 	0 
blaSCO-1	0 	0 	0 	2 	0 	0 	0 	0 	0 	0 
fosA9	0 	0 	0 	2 	0 	0 	0 	0 	0 	0 
blaOXA-5	1 	0 	0 	0 	0 	0 	0 	0 	0 	1 
blaEBR-2	0 	0 	0 	0 	0 	0 	0 	0 	0 	2 
blaOXA-539	0 	0 	0 	0 	0 	1 	0 	0 	0 	1 
aac(6')-Ib4	0 	0 	0 	0 	0 	1 	0 	0 	0 	0 
ant(6)-Ib	0 	0 	1 	0 	0 	1 	0 	0 	0 	0 
blaCARB-7	0 	0 	2 	0 	0 	0 	0 	0 	0 	0 
aadA4	0 	0 	0 	0 	0 	1 	0 	0 	0 	0 
tet(34)	0 	0 	2 	0 	0 	0 	0 	0 	0 	0 
vanR-Sc	0 	0 	0 	2 	0 	0 	0 	0 	0 	0 
blaMOX-22	0 	0 	0 	0 	0 	1 	0 	0 	0 	0 
blaEC-15	0 	0 	0 	1 	0 	0 	0 	0 	0 	0 
aph(3')-Ia	0 	0 	0 	0 	0 	1 	0 	0 	0 	0 
tet(37)	0 	0 	0 	0 	0 	1 	0 	0 	0 	0 
floR2	0 	1 	0 	1 	0 	0 	0 	0 	0 	0 
blaEC-18	0 	0 	0 	2 	0 	0 	0 	0 	0 	0 
blaESP-1	0 	1 	0 	0 	0 	0 	0 	0 	0 	0 
blaOXA-1056	0 	0 	1 	1 	0 	0 	0 	0 	0 	0 
ant(3'')-IIc	0 	1 	0 	0 	0 	0 	0 	0 	0 	0 
cfxA5	0 	0 	0 	0 	0 	0 	0 	0 	0 	2 
armA	0 	0 	0 	0 	0 	2 	0 	0 	0 	0 
aac(6')-IIa	0 	0 	0 	0 	0 	0 	0 	0 	0 	1 
blaOXA-544	0 	0 	0 	0 	0 	1 	0 	0 	0 	0 
blaCARB-1	0 	0 	1 	0 	0 	0 	0 	0 	0 	0 
blaOXA-397	0 	2 	0 	0 	0 	0 	0 	0 	0 	0 
vanR-O	0 	0 	1 	1 	0 	0 	0 	0 	0 	0 
blaOXA-20	1 	0 	0 	0 	0 	0 	0 	0 	0 	0 
blaOXA-1	0 	0 	0 	1 	0 	1 	0 	0 	0 	0 
aac(3)-IId	0 	0 	0 	0 	0 	1 	0 	0 	0 	0 
dfrA31	0 	0 	1 	1 	0 	0 	0 	0 	0 	0 
blaDES-1	0 	0 	0 	0 	0 	1 	0 	0 	0 	0 
blaOXA-58	0 	1 	0 	0 	0 	0 	0 	0 	0 	0 
mph(F)	0 	0 	0 	0 	0 	0 	0 	0 	0 	1 
cepA	0 	0 	0 	0 	0 	0 	0 	1 	0 	1 
blaOXA-209	0 	0 	0 	0 	0 	0 	0 	0 	0 	1 
aac(6')-Ia	0 	0 	0 	0 	0 	1 	0 	0 	0 	0 
blaVEB-31	0 	0 	0 	0 	0 	1 	0 	0 	0 	0 
blaCMY-132	0 	0 	0 	0 	0 	1 	0 	0 	0 	0 
blaVEB-28	0 	0 	0 	0 	0 	1 	0 	0 	0 	0 
cphA3	0 	0 	0 	0 	0 	0 	0 	0 	0 	1 
blaEC-13	0 	0 	0 	1 	0 	1 	0 	0 	0 	0 
blaAIM-1	0 	0 	0 	0 	0 	1 	0 	0 	0 	0 
blaCMY-4	0 	0 	0 	0 	0 	1 	0 	0 	0 	0 
blaOXA-1160	0 	0 	0 	0 	0 	1 	0 	0 	0 	0 
blaOXA-454	0 	0 	0 	0 	0 	1 	0 	0 	0 	0 
blaGES-11	0 	0 	0 	0 	0 	1 	0 	0 	0 	0 
blaGES-8	0 	0 	0 	0 	0 	1 	0 	0 	0 	0 
blaVEB-7	0 	0 	0 	0 	0 	1 	0 	0 	0 	0 
blaMOX-24	0 	1 	0 	0 	0 	1 	0 	0 	0 	0 
blaCMY-27	0 	0 	0 	0 	0 	1 	0 	0 	0 	0 
fosE	0 	0 	0 	0 	0 	1 	0 	0 	0 	0 
blaCMY-166	0 	0 	0 	0 	0 	1 	0 	0 	0 	0 
aac(6')-Ib11	0 	0 	0 	0 	0 	1 	0 	0 	0 	0 
aadA1bt	0 	0 	0 	0 	0 	1 	0 	0 	0 	0 
blaOXA-233	0 	0 	0 	0 	0 	1 	0 	0 	0 	0 
catA10	0 	0 	0 	0 	0 	1 	0 	0 	0 	0 
blaOXA-917	0 	1 	0 	1 	0 	0 	0 	0 	0 	0 
blaOXA-651	0 	0 	0 	0 	0 	0 	0 	0 	0 	1 
qepA6	0 	0 	0 	0 	0 	1 	0 	0 	0 	0 
tet(L)	0 	0 	0 	0 	0 	1 	0 	0 	0 	0 
blaOXA-1011	0 	1 	0 	0 	0 	1 	0 	0 	0 	0 
cmlB1	0 	0 	0 	0 	0 	1 	0 	0 	0 	0 
catB2	0 	0 	0 	0 	0 	1 	0 	0 	0 	0 
tetB(P)	0 	0 	0 	0 	0 	0 	0 	0 	1 	1 
blaCMY-134	0 	0 	0 	0 	0 	1 	0 	0 	0 	0 
blaGES-30	0 	0 	0 	0 	0 	1 	0 	0 	0 	0 
blaOXA-212	0 	0 	0 	0 	0 	0 	0 	0 	0 	1 
blaGES-34	0 	0 	0 	0 	0 	1 	0 	0 	0 	0 
blaCMY-139	0 	0 	0 	0 	0 	1 	0 	0 	0 	0 
blaGMA-1	0 	0 	0 	1 	0 	0 	0 	0 	0 	0 
cmx	0 	0 	0 	0 	0 	0 	0 	0 	0 	1 
blaOXA-656	0 	0 	0 	0 	0 	1 	0 	0 	0 	0 
blaOXA-224	0 	0 	0 	0 	0 	1 	0 	0 	0 	0 
almF	0 	0 	0 	1 	0 	0 	0 	0 	0 	0 
mcr-3.13	0 	0 	0 	0 	0 	1 	0 	0 	0 	1 
oqxA9	0 	1 	0 	1 	0 	0 	0 	0 	0 	0 
aac(6')-Ib-AGKT	0 	0 	0 	0 	0 	1 	0 	0 	0 	0 
blaOXA-240	0 	0 	0 	0 	0 	1 	0 	0 	0 	0 
oqxB15	0 	0 	0 	1 	0 	0 	0 	0 	0 	0 
arr	0 	0 	0 	0 	0 	1 	0 	0 	0 	0 
almE	0 	0 	0 	1 	0 	0 	0 	0 	0 	0 
blaVEB-2	0 	0 	0 	0 	0 	1 	0 	0 	0 	0 
qnrS1	0 	0 	0 	0 	0 	1 	0 	0 	0 	0 
blaTEM-196	0 	0 	0 	0 	0 	1 	0 	0 	0 	0 
blaMOX-13	0 	0 	0 	1 	0 	0 	0 	0 	0 	0 
mcr-5.1	0 	0 	0 	0 	0 	1 	0 	0 	0 	0 
blaLCR-1	0 	0 	0 	0 	0 	1 	0 	0 	0 	0 
cfr-Cb	0 	1 	0 	0 	0 	0 	0 	0 	0 	0 
tet(H)	0 	0 	0 	0 	0 	1 	0 	0 	0 	0 
blaOXA-281	0 	1 	0 	0 	0 	0 	0 	0 	0 	0 
blaOXA-795	0 	0 	0 	0 	0 	1 	0 	0 	0 	0 
tet(X1)	0 	0 	0 	0 	0 	0 	0 	0 	0 	1 
blaOXA-372	0 	0 	0 	0 	0 	0 	1 	0 	0 	0 
tet(B)	0 	0 	0 	1 	0 	0 	0 	0 	0 	0 
blaOXA-21	0 	0 	0 	0 	0 	1 	0 	0 	0 	0 
blaVEB-19	0 	0 	0 	0 	0 	1 	0 	0 	0 	0 
blaOXA-415	0 	1 	0 	0 	0 	0 	0 	0 	0 	0 
blaVEB-5	0 	0 	1 	0 	0 	0 	0 	0 	0 	0 
ere(A2)	0 	0 	1 	0 	0 	0 	0 	0 	0 	0 
blaOXA-780	0 	0 	1 	0 	0 	0 	0 	0 	0 	0 
msr(I)	0 	0 	0 	0 	0 	0 	0 	1 	0 	0 
tet(V)	0 	0 	1 	0 	0 	0 	0 	0 	0 	0 
aac(2')-Ic	0 	0 	1 	0 	0 	0 	0 	0 	0 	0 
blaOXA-32	0 	0 	0 	0 	0 	0 	0 	0 	0 	1 
dfrA48	0 	0 	0 	0 	0 	0 	0 	0 	0 	1 
blaEC-19	0 	0 	0 	0 	0 	1 	0 	0 	0 	0 
blaGES-24	0 	0 	0 	0 	0 	0 	0 	0 	0 	1 
blaKLUC-1	0 	0 	0 	0 	0 	0 	0 	0 	0 	1 
blaGES-18	0 	0 	0 	0 	0 	0 	0 	0 	0 	1 
qnrB26	0 	0 	0 	0 	0 	0 	0 	0 	0 	1 
blaLAQ-1	0 	0 	0 	0 	0 	0 	0 	0 	0 	1 
blaLHK-7	0 	0 	0 	0 	0 	0 	0 	0 	0 	1 
blaOXY-8-2	0 	0 	0 	0 	0 	0 	0 	0 	0 	1 
blaCMY-158	0 	0 	0 	0 	0 	1 	0 	0 	0 	0 
mph(B)	0 	0 	0 	0 	0 	0 	0 	0 	0 	1 
erm(A)	0 	0 	0 	0 	0 	1 	0 	0 	0 	0 
blaVEB-27	0 	0 	0 	0 	0 	1 	0 	0 	0 	0 
blaTLA-1	0 	0 	0 	0 	0 	0 	0 	0 	0 	1 
blaOXA-641	0 	0 	0 	0 	0 	0 	1 	0 	0 	0 
blaRAD-1	0 	0 	1 	0 	0 	0 	0 	0 	0 	0 
blaRSC1-1	0 	0 	0 	0 	0 	1 	0 	0 	0 	0 
blaTLA-2	0 	0 	1 	0 	0 	0 	0 	0 	0 	0 
oqxA	0 	0 	0 	1 	0 	0 	0 	0 	0 	0 
blaOXA-14	0 	0 	0 	0 	0 	1 	0 	0 	0 	0 
oqxA10	0 	0 	0 	1 	0 	0 	0 	0 	0 	0 
tmexC2	0 	0 	1 	0 	0 	0 	0 	0 	0 	0 
oqxA6	0 	0 	0 	0 	0 	0 	0 	0 	0 	1 
blaMOX-2	0 	0 	0 	0 	0 	1 	0 	0 	0 	0 
blaOXA-1163	0 	0 	0 	0 	0 	1 	0 	0 	0 	0 
blaOXA-300	0 	0 	0 	0 	0 	0 	0 	1 	0 	0 
blaOXA-9	0 	0 	0 	0 	0 	0 	0 	0 	0 	1 
blaCARB-6	0 	0 	1 	0 	0 	0 	0 	0 	0 	0 
blaOXA-823	0 	1 	0 	0 	0 	0 	0 	0 	0 	0 
qnrS9	0 	0 	0 	0 	0 	0 	0 	0 	0 	1 
dfrB9	0 	0 	0 	0 	0 	0 	0 	0 	0 	0 
blaCMY-172	0 	0 	0 	0 	0 	1 	0 	0 	0 	0 
blaOXA-96	0 	1 	0 	0 	0 	0 	0 	0 	0 	0 
fosA5_fam	0 	1 	0 	0 	0 	0 	0 	0 	0 	0 
ant(3'')-IIa	0 	1 	0 	0 	0 	0 	0 	0 	0 	0 
blaOXA-309	0 	1 	0 	0 	0 	0 	0 	0 	0 	0 
blaOXA-645	0 	1 	0 	0 	0 	0 	0 	0 	0 	0 
blaTEM-150	0 	0 	0 	0 	0 	0 	0 	0 	0 	1 
blaBEL-1	0 	1 	0 	0 	0 	0 	0 	0 	0 	0 
dfrA22	0 	0 	0 	0 	0 	1 	0 	0 	0 	0 
aac(3)-Ia	0 	1 	0 	0 	0 	0 	0 	0 	0 	0 
blaGES-16	0 	0 	0 	0 	0 	1 	0 	0 	0 	0 
qnrD1	0 	0 	0 	1 	0 	0 	0 	0 	0 	0 
blaBIL-1	0 	0 	0 	0 	0 	1 	0 	0 	0 	0 
aph(6)-Smalt	0 	0 	0 	1 	0 	0 	0 	0 	0 	0 
blaVEB-4	0 	0 	1 	0 	0 	0 	0 	0 	0 	0 
lsa(C)	0 	0 	0 	1 	0 	0 	0 	0 	0 	0 
vanH-F	0 	0 	0 	0 	0 	0 	0 	0 	1 	0 
erm(52)	0 	0 	0 	1 	0 	0 	0 	0 	0 	0 
blaACT-99	0 	0 	0 	1 	0 	0 	0 	0 	0 	0 
blaOXA-85	0 	0 	0 	1 	0 	0 	0 	0 	0 	0 
cml_Ochro	0 	0 	0 	1 	0 	0 	0 	0 	0 	0 
blaEC-14	0 	0 	0 	1 	0 	0 	0 	0 	0 	0 
spw	0 	0 	0 	0 	0 	0 	0 	0 	0 	1 
blaVIM-74	0 	0 	0 	1 	0 	0 	0 	0 	0 	0 
mcr-10.4	0 	0 	0 	1 	0 	0 	0 	0 	0 	0 
blaRATA-1	0 	0 	0 	1 	0 	0 	0 	0 	0 	0 
aadA15	0 	0 	0 	1 	0 	0 	0 	0 	0 	0 
blaOKP-B-34	0 	0 	0 	1 	0 	0 	0 	0 	0 	0 
blaOKP-B-4	0 	0 	0 	1 	0 	0 	0 	0 	0 	0 
oqxA3	0 	0 	0 	1 	0 	0 	0 	0 	0 	0 
oqxA5	0 	0 	0 	1 	0 	0 	0 	0 	0 	0 
tet(O/W/32/O)	0 	0 	0 	1 	0 	0 	0 	0 	0 	0 
blaOXA-1158	0 	0 	0 	0 	0 	1 	0 	0 	0 	0 
blaOXA-299	0 	0 	0 	0 	0 	0 	0 	0 	0 	1 
almG	0 	0 	0 	1 	0 	0 	0 	0 	0 	0 
blaGES-52	0 	0 	0 	1 	0 	0 	0 	0 	0 	0 
qnrS6	0 	0 	0 	1 	0 	0 	0 	0 	0 	0 
npmA	0 	0 	0 	1 	0 	0 	0 	0 	0 	0 
aph(3')-IIc	0 	1 	0 	0 	0 	0 	0 	0 	0 	0 
blaOXA-1136	0 	0 	0 	0 	0 	1 	0 	0 	0 	0 
erm(49)	0 	0 	0 	1 	0 	0 	0 	0 	0 	0 
fosA5	0 	0 	0 	1 	0 	0 	0 	0 	0 	0 
blaGES-10	0 	0 	0 	0 	0 	1 	0 	0 	0 	0 
blaGES-49	0 	0 	0 	1 	0 	0 	0 	0 	0 	0 
aadA3	0 	0 	0 	1 	0 	0 	0 	0 	0 	0 
blaOKP-B-3	0 	0 	0 	1 	0 	0 	0 	0 	0 	0 
blaSHV-25	0 	0 	0 	0 	0 	0 	0 	0 	0 	1 
erm(47)	0 	0 	1 	0 	0 	0 	0 	0 	0 	0 
dfrA16	0 	0 	0 	0 	0 	0 	0 	0 	0 	1 
qnrS12	0 	0 	0 	1 	0 	0 	0 	0 	0 	0 
blaOXA-35	0 	0 	0 	1 	0 	0 	0 	0 	0 	0 
blaLEN-26	0 	0 	0 	1 	0 	0 	0 	0 	0 	0 
blaCARB-43	0 	0 	0 	1 	0 	0 	0 	0 	0 	0 
blaOXA-1156	0 	0 	0 	0 	0 	0 	0 	0 	0 	1 
mcr-10.2	0 	0 	0 	1 	0 	0 	0 	0 	0 	0 
catA2	0 	0 	0 	0 	0 	0 	0 	0 	0 	1 
cphA1	0 	0 	0 	0 	0 	0 	0 	0 	0 	1 
blaVIM-73	0 	0 	0 	1 	0 	0 	0 	0 	0 	0 
blaOXA-373	0 	0 	0 	0 	0 	0 	0 	0 	0 	1 
qnrB7	0 	0 	0 	1 	0 	0 	0 	0 	0 	0 
catB7	0 	0 	0 	1 	0 	0 	0 	0 	0 	0 
blaOXA-1083	0 	0 	0 	0 	0 	0 	0 	0 	0 	0 
blaOXA-794	0 	0 	0 	0 	0 	0 	0 	0 	0 	0 
dfrB4	0 	0 	0 	0 	0 	0 	0 	0 	0 	0 
nimA	0 	0 	0 	0 	0 	0 	0 	0 	0 	0 
cepS	0 	0 	0 	0 	0 	0 	0 	0 	0 	0 
estDL136	0 	0 	0 	0 	0 	0 	0 	0 	0 	0 
blaOXA-334	0 	0 	0 	0 	0 	0 	0 	0 	0 	0 
aac(6')-set_A	0 	0 	0 	0 	0 	0 	0 	0 	0 	0 
mcr-3_set	0 	0 	0 	0 	0 	0 	0 	0 	0 	0 
tmexC1	0 	0 	0 	0 	0 	0 	0 	0 	0 	0 
blaSHV-100	0 	0 	0 	0 	0 	0 	0 	0 	0 	0 
cfr(E)	0 	0 	0 	0 	0 	0 	0 	0 	0 	0 
fosD	0 	0 	0 	0 	0 	0 	0 	0 	0 	0 
arr-6	0 	0 	0 	0 	0 	0 	0 	0 	0 	0 
blaEBR-4	0 	0 	0 	0 	0 	0 	0 	0 	0 	0 
blaOKP-A-8	0 	0 	0 	0 	0 	0 	0 	0 	0 	0 
blaACT-6	0 	0 	0 	0 	0 	0 	0 	0 	0 	0 
aac(6')-Ib-generic	0 	0 	0 	0 	0 	0 	0 	0 	0 	0 
aac(3)-IIIb	0 	0 	0 	0 	0 	0 	0 	0 	0 	0 
blaLHK-6	0 	0 	0 	0 	0 	0 	0 	0 	0 	0 
blaTEM-76	0 	0 	0 	0 	0 	0 	0 	0 	0 	0 
blaOXA-251	0 	0 	0 	0 	0 	0 	0 	0 	0 	0 
blaCHM-1	0 	0 	0 	0 	0 	0 	0 	0 	0 	0 
blaOXA-663	0 	0 	0 	0 	0 	0 	0 	0 	0 	0 
blaOXA-491	0 	0 	0 	0 	0 	0 	0 	0 	0 	0 
blaOXA-1082	0 	0 	0 	0 	0 	0 	0 	0 	0 	0 
blaOXA-29	0 	0 	0 	0 	0 	0 	0 	0 	0 	0 
blaOXA-1037	0 	0 	0 	0 	0 	0 	0 	0 	0 	0 
blaIMP-13	0 	0 	0 	0 	0 	0 	0 	0 	0 	0 
blaCPS-1	0 	0 	0 	0 	0 	0 	0 	0 	0 	0 
fosA10	0 	0 	0 	0 	0 	0 	0 	0 	0 	0 
blaIND-4	0 	0 	0 	0 	0 	0 	0 	0 	0 	0 
blaKHM-1	0 	0 	0 	0 	0 	0 	0 	0 	0 	0 
blaGES-47	0 	0 	0 	0 	0 	0 	0 	0 	0 	0 
tet(54)	0 	0 	0 	0 	0 	0 	0 	0 	0 	0 
blaIMP-51	0 	0 	0 	0 	0 	0 	0 	0 	0 	0 
vanG2	0 	0 	0 	0 	0 	0 	0 	0 	0 	0 
mcr-4.3	0 	0 	0 	0 	0 	0 	0 	0 	0 	0 
blaM-1	0 	0 	0 	0 	0 	0 	0 	0 	0 	0 
aac(2')-Ib	0 	0 	0 	0 	0 	0 	0 	0 	0 	0 
blaOXA-1193	0 	0 	0 	0 	0 	0 	0 	0 	0 	0 
vat(B)	0 	0 	0 	0 	0 	0 	0 	0 	0 	0 
aph(3')-Ib	0 	0 	0 	0 	0 	0 	0 	0 	0 	0 
dfrA30	0 	0 	0 	0 	0 	0 	0 	0 	0 	0 
blaTEM-206	0 	0 	0 	0 	0 	0 	0 	0 	0 	0 
aph(3')-IIb	0 	0 	0 	0 	0 	0 	0 	0 	0 	0 
mcr-10.1	0 	0 	0 	0 	0 	0 	0 	0 	0 	0 
blaOXA-662	0 	0 	0 	0 	0 	0 	0 	0 	0 	0 
blaIDC-1	0 	0 	0 	0 	0 	0 	0 	0 	0 	0 
blaCTX-M-77	0 	0 	0 	0 	0 	0 	0 	0 	0 	0 
dfrA7	0 	0 	0 	0 	0 	0 	0 	0 	0 	0 
mef(H)	0 	0 	0 	0 	0 	0 	0 	0 	0 	0 
blaVIM-51	0 	0 	0 	0 	0 	0 	0 	0 	0 	0 
blaOXA-46	0 	0 	0 	0 	0 	0 	0 	0 	0 	0 
vanF	0 	0 	0 	0 	0 	0 	0 	0 	0 	0 
blaGES-25	0 	0 	0 	0 	0 	0 	0 	0 	0 	0 
aadA8	0 	0 	0 	0 	0 	0 	0 	0 	0 	0 
blaOXA-666	0 	0 	0 	0 	0 	0 	0 	0 	0 	0 
fosA6	0 	0 	0 	0 	0 	0 	0 	0 	0 	0 
blaIMP-5	0 	0 	0 	0 	0 	0 	0 	0 	0 	0 
blaOXA-1088	0 	0 	0 	0 	0 	0 	0 	0 	0 	0 
cepA-29	0 	0 	0 	0 	0 	0 	0 	0 	0 	0 
tetB(46)	0 	0 	0 	0 	0 	0 	0 	0 	0 	0 
arr-Msmeg	0 	0 	0 	0 	0 	0 	0 	0 	0 	0 
blaOXA-274	0 	0 	0 	0 	0 	0 	0 	0 	0 	0 
blaOXA-669	0 	0 	0 	0 	0 	0 	0 	0 	0 	0 
blaOXA-275	0 	0 	0 	0 	0 	0 	0 	0 	0 	0 
tet(W/N/W)	0 	0 	0 	0 	0 	0 	0 	0 	0 	0 
blaTEM-231	0 	0 	0 	0 	0 	0 	0 	0 	0 	0 
tet(30)	0 	0 	0 	0 	0 	0 	0 	0 	0 	0 
tet(W/32/O)	0 	0 	0 	0 	0 	0 	0 	0 	0 	0 
tmexD1	0 	0 	0 	0 	0 	0 	0 	0 	0 	0 
dfrA32	0 	0 	0 	0 	0 	0 	0 	0 	0 	0 
